image: /home/yj/catkin_ws/src/yh_5th/map/scan_map.pgm
resolution: 0.050000
origin: [-37.200000, -10.000000, 0.000000]
negate: 0
occupied_thresh: 0.65
free_thresh: 0.196

